TableInfos;;;;;;;;;;;;;;;;;;;;
ID;Title;ShortTitle;Identifier;Summary;Modified;ReasonDelivery;ExplanatoryText;Language;Catalog;Frequency;Period;ShortDescription;Description;DefaultPresentation;DefaultSelection;GraphTypes;OutputStatus;Source;MetaDataModified;SearchPriority
0;"Geregistreerde misdrijven en aangiften; soort misdrijf, gemeente 2025";Misdrijven en aangiften per gemeente;47013NED;"Geregistreerde misdrijven, aangiften en internetaangiften
per type misdrijf, gemeente, regionale eenheid, provincie en landsdeel";2025-12-15T02:00:00;ActualiseringBijzonder;;nl;Politie;Permaand;2012-2025;"
Deze tabel bevat cijfers over het aantal geregistreerde misdrijven per maand en per jaar. Deze worden uitgesplitst naar het soort misdrijf en per gemeente. Bij de geregistreerde misdrijven zijn ook de pogingen opgenomen. Voor sommige misdrijven (bijvoorbeeld moord/doodslag) levert dat een veel hoger aantal op dan enkel het aantal voltooide misdrijven. De gegevens per gemeente worden voor alle jaren gepresenteerd volgens de gemeentelijke indeling van 1 januari 2025.

Sinds juli 2018 is het niet meer mogelijk om meerdere delicten, die verband met elkaar houden (samenloop), in één registratie vast te leggen. Een voorbeeld hiervan is een straatroof waarbij een vuurwapen (wapenbezit) wordt gebruikt. Indien in één registratie meerdere delicten voorkomen, werd vóór juli 2018 alleen het zwaarste delict geteld. 
Als gevolg van deze aanpassing is bij een aantal delicten een toename zichtbaar ten opzichte van 2018. Het gaat voornamelijk om huisvredebreuk, bijzondere wetten waaronder witwassen, wapenhandel  waaronder wapenbezit, drugshandel, aantasting openbare orde en maatschappelijke integriteit overig  waaronder belediging. Hierbij was de toename dan ook vooral zichtbaar in de laatste 6 maanden van 2018. Op het totaal aantal misdrijven heeft deze aanpassing maar een beperkt effect. Voor heel 2018 veroorzaakt dit een stijging van circa 1,0%.
Sinds 30 april 2020 is het mogelijk om via Internet aangifte te doen van WhatsAppfraude (wordt ook wel vriend-in-nood fraude genoemd). Hiervan werd direct veelvuldig gebruik gemaakt. In de maanden mei tm december 2020 werden circa 20.000 aangiften van WhatsAppfraude gedaan. 

Het aantal van geregistreerde misdrijven vuurwerk 2024 is niet definitief. Bij dit delict zullen in het eerste half jaar 2025  nog veel incidenten met terugwerkende kracht als misdrijf worden aangemerkt en in de telling worden opgenomen.   

Aangiften betreffen geregistreerde misdrijven waarvoor een ´proces verbaal van aangifte´ is opgesteld. Per misdrijf kunnen meerdere aangiften gedaan zijn.
Internetaangifte kan alleen voor een geselecteerd aantal delicten gedaan worden en enkel als er geen opsporingsindicatie is.


Gegevens beschikbaar vanaf: 2012

Status van de cijfers:
De cijfers in deze tabel worden geregeld geactualiseerd. Hierdoor kunnen er kleine verschillen met eerdere publicaties ontstaan. Actualisatie van de cijfers is nodig om bijvoorbeeld met terugwerkende kracht de herindeling van gemeenten of aanpassing codering met terugwerkende kracht te kunnen verwerken. Cijfers over aangiften en internetaangiften worden na elk kwartaal geactualiseerd.

Wijzigingen per 15 december 2025:
Cijfers over november 2025 zijn toegevoegd.

Wanneer komen er nieuwe cijfers?
15 januari worden de cijfers over december en totaal 2025 toegevoegd.

";"INHOUDSOPGAVE

1. Toelichting
2. Definities en verklaring van symbolen
3. Koppelingen naar relevante tabellen en artikelen
4. Bronnen en methoden
5. Meer informatie 
 
 
1. TOELICHTING

Deze tabel bevat cijfers over het aantal geregistreerde misdrijven per maand en per jaar. Deze worden uitgesplitst naar het soort misdrijf en per gemeente. Bij de geregistreerde misdrijven zijn ook de pogingen opgenomen. Voor sommige misdrijven (bijvoorbeeld moord/doodslag) levert dat een veel hoger aantal op dan enkel het aantal voltooide misdrijven. De gegevens per gemeente worden voor alle jaren gepresenteerd volgens de gemeentelijke indeling van 1 januari 2025.

Sinds juli 2018 is het niet meer mogelijk om meerdere delicten, die verband met elkaar houden (samenloop), in één registratie vast te leggen. Een voorbeeld hiervan is een straatroof waarbij een vuurwapen (wapenbezit) wordt gebruikt. Indien in één registratie meerdere delicten voorkomen, werd vóór juli 2018 alleen het zwaarste delict geteld. 
Als gevolg van deze aanpassing is bij een aantal delicten een toename zichtbaar ten opzichte van 2018. Het gaat voornamelijk om huisvredebreuk, bijzondere wetten waaronder witwassen, wapenhandel  waaronder wapenbezit, drugshandel, aantasting openbare orde en maatschappelijke integriteit overig  waaronder belediging. Hierbij was de toename dan ook vooral zichtbaar in de laatste 6 maanden van 2018. Op het totaal aantal misdrijven heeft deze aanpassing maar een beperkt effect. Voor heel 2018 veroorzaakt dit een stijging van circa 1,0%.
Sinds 30 april 2020 is het mogelijk om via Internet aangifte te doen van WhatsAppfraude (wordt ook wel vriend-in-nood fraude genoemd). Hiervan werd direct veelvuldig gebruik gemaakt. In de maanden mei tm december 2020 werden circa 20.000 aangiften van WhatsAppfraude gedaan. 

Het aantal van geregistreerde misdrijven vuurwerk 2024 is niet definitief. Bij dit delict zullen in het eerste half jaar 2025  nog veel incidenten met terugwerkende kracht als misdrijf worden aangemerkt en in de telling worden opgenomen.   

Aangiften betreffen geregistreerde misdrijven waarvoor een ´proces verbaal van aangifte´ is opgesteld. Per misdrijf kunnen meerdere aangiften gedaan zijn.
Internetaangifte kan alleen voor een geselecteerd aantal delicten gedaan worden en enkel als er geen opsporingsindicatie is.


Gegevens beschikbaar vanaf: 2012

Status van de cijfers:
De cijfers in deze tabel worden geregeld geactualiseerd. Hierdoor kunnen er kleine verschillen met eerdere publicaties ontstaan. Actualisatie van de cijfers is nodig om bijvoorbeeld met terugwerkende kracht de herindeling van gemeenten of aanpassing codering met terugwerkende kracht te kunnen verwerken. Cijfers over aangiften en internetaangiften worden na elk kwartaal geactualiseerd.

Wijzigingen per 15 december 2025:
Cijfers over november 2025 zijn toegevoegd.

Wanneer komen er nieuwe cijfers?
15 januari worden de cijfers over december en totaal 2025 toegevoegd.


2. DEFINITIES EN VERKLARING VAN SYMBOLEN
 
Definities:
 
Politie 
Sinds 2013 heeft Nederland een landelijk georganiseerde politieorganisatie. De politie bestaat uit tien regionale eenheden, de Landelijke Eenheid en het Politiedienstencentrum waarin alle ondersteunende afdelingen zijn ondergebracht. De Korpschef is belast met de leiding van de politie. De Korpschef legt over de uitoefening van zijn taken en bevoegdheden verantwoording af aan de minister van Veiligheid en Justitie, conform artikel 27 van de Politiewet 2012. 
 
Misdrijven
Een geregistreerd misdrijf is een misdrijf, door de politie vastgelegd in een proces-verbaal van aangifte of in een ambtshalve opgemaakt proces-verbaal. Misdrijven zijn de feiten, strafbaar gesteld in het Wetboek van Strafrecht en in tal van bijzondere wetten, waaronder de Opiumwet, de Wegenverkeerswet en de Wet Wapens en munitie.

Aangiften
Aangiften betreffen geregistreerde misdrijven waarvoor een proces verbaal van aangiften is opgesteld.

Internetaangiften
Aangifte doen via internet kan alleen voor een geselecteerd aantal delicten gedaan worden en enkel als er geen opsporingsindicatie is.

Van zedenmisdrijven, kinderporno, kinderprostitutie en maatschappelijke integriteit overig worden enkel jaarcijfers gepubliceerd. De maandcijfers van de afzonderlijke misdrijven tellen daarom niet op tot het maandtotaal. 

Verklaring van symbolen:
 
niets (blanco) 	: het cijfer kan op logische gronden niet voorkomen
. 		: het cijfer is onbekend, onvoldoende betrouwbaar of geheim
* 		: voorlopige cijfers
** 		: nader voorlopige cijfers
 

3. KOPPELINGEN NAAR RELEVANTE TABELLEN EN ARTIKELEN

Meer informatie m.b.t. misdrijven is de vinden via deze <a href='https://www.politie.nl/algemeen/dataportaal/dataportaal-definities.html'>link</a>.
 

4. BRONNEN EN METHODEN
 
De bron van de publicatie is BVI (Basis Voorziening Informatie), de managementinformatie tool van de politie. Als misdrijf wordt een registratie geteld waar een aangifte en/of slachtoffer en/of verdachte aan gekoppeld is.

De telwijze is gelijk aan de wijze waarop de politie in jaarverslagen en andere publicaties cijfers presenteert. Door andere peilmomenten kunnen de cijfers afwijken van eerdere publicaties.  
Het aantal geregistreerde misdrijven is niet gelijk aan de cijfers die door het CBS wordt gepubliceerd. Redenen zijn een andere filtering, indeling van delictscategorieën en het meetellen van misdrijven vastgelegd door de Koninklijke Marechaussee.

 
5. MEER INFORMATIE
 
Copyright (c) Politie
De cijfers zijn vastgesteld door Politie en worden beschikbaar gesteld via data.politie.nl waarbij gebruik wordt gemaakt van CBS statline voor derden.";ts=1764853734957&graphtype=Table&r=RegioS&k=Topics,Perioden&t=SoortMisdrijf&_gu=NL;$filter=((SoortMisdrijf eq '0.0.0 ')) and ((Perioden eq '2024MM11') or (Perioden eq '2024MM12') or (Perioden eq '2025MM01') or (Perioden eq '2025MM02') or (Perioden eq '2025MM03') or (Perioden eq '2025MM04') or (Perioden eq '2025MM05') or (Perioden eq '2025MM06') or (Perioden eq '2025MM07') or (Perioden eq '2025MM08') or (Perioden eq '2025MM09') or (Perioden eq '2025MM10') or (Perioden eq '2025MM11')) and ((RegioS eq 'NL01  ') or (substringof('GM',RegioS)) or (substringof('RE',RegioS)))&$select=SoortMisdrijf, Perioden, RegioS, GeregistreerdeMisdrijven_1;Table,Bar,Map;Regulier;"&copy; Politie";2025-12-15T02:00:00;2
DataProperties;;;;;;;;;;;;;;;;;;;;
ID;Position;ParentID;Type;Key;Title;Description;ReleasePolicy;Datatype;Unit;Decimals;Default;;;;;;;;;
0;0;;Dimension;SoortMisdrijf;Soort misdrijf;;;;;;;;;;;;;;;
1;1;;GeoDimension;RegioS;Regio's;;;;;;;;;;;;;;;
2;2;;TimeDimension;Perioden;Perioden;;TRUE;;;;;;;;;;;;;
3;3;;Topic;GeregistreerdeMisdrijven_1;Geregistreerde misdrijven;Totaal van de geregistreerde misdrijven, bron is de politieregistratie Basis Voorziening Informatie (BVI). Zie ook 4. Bronnen en methoden. Een geregistreerd misdrijf is een misdrijf, door de politie vastgelegd in een proces-verbaal van aangifte of in een ambtshalve opgemaakt proces-verbaal. Misdrijven zijn de feiten, strafbaar gesteld in het Wetboek van Strafrecht en in tal van bijzondere wetten, waaronder de Opiumwet, de Wegenverkeerswet en de Wet Wapens en munitie.;;Long;aantal;0;Missing;;;;;;;;;
4;4;;Topic;Aangiften_2;Aangiften;"Aangiften betreffen geregistreerde misdrijven waarvoor een proces verbaal van aangiften is opgesteld.
";;Long;aantal;0;Missing;;;;;;;;;
5;5;;Topic;Internetaangiften_3;Internetaangiften;Aangiften betreffen geregistreerde misdrijven waarvoor een proces verbaal van aangiften is opgesteld. Aangifte doen via internet kan alleen voor een geselecteerd aantal delicten gedaan worden en enkel als er geen opsporingsindicatie is.;;Long;aantal;0;Missing;;;;;;;;;
SoortMisdrijf;;;;;;;;;;;;;;;;;;;;
Key;Title;Description;;;;;;;;;;;;;;;;;;
0.0.0 ;Totaal misdrijven;;;;;;;;;;;;;;;;;;;
1.1.1 ;1.1.1 Diefstal/inbraak woning;"A20 Gekwal. Diefstal in/uit woning
A30 Diefstal in/uit woning (niet gekwal.)
B20 Gekwal. Diefstal met geweld in/uit woning
B30 Diefstal met geweld in/uit woning (niet gekwal.)
(uitgebreide beschrijving op https://www.politie.nl/algemeen/dataportaal/dataportaal-definities.html)
";;;;;;;;;;;;;;;;;;
1.1.2 ;1.1.2 Diefstal/inbraak box/garage/schuur;"A21 Gekwal. Diefstal in/uit box/garage/schuur
A34 Diefstal in/uit box/garage/schuur/erf (niet gekwal.)
B21 Gekwal. Diefstal met geweld in/uit box/garage/schuur
B34 Diefstal met geweld in/uit box/garage/schuur (niet gekwal.)
(uitgebreide beschrijving op https://www.politie.nl/algemeen/dataportaal/dataportaal-definities.html)
";;;;;;;;;;;;;;;;;;
1.2.1 ;1.2.1 Diefstal uit/vanaf motorvoertuigen;"A10 Diefstal uit/vanaf personenauto
B10 Diefstal met geweld uit/vanaf personenauto
(uitgebreide beschrijving op https://www.politie.nl/algemeen/dataportaal/dataportaal-definities.html)";;;;;;;;;;;;;;;;;;
1.2.2 ;1.2.2 Diefstal van motorvoertuigen;"A70 Diefstal personenauto
A71 Diefstal motor
A76 Diefstal vrachtauto/bestelauto
B60 Diefstal van personenauto met geweld
B61 Diefstal met geweld motor
B66 Diefstal met geweld vrachtauto/bestelauto
(uitgebreide beschrijving op https://www.politie.nl/algemeen/dataportaal/dataportaal-definities.html)
";;;;;;;;;;;;;;;;;;
1.2.3 ;1.2.3 Diefstal van brom-, snor-, fietsen;"A72 Diefstal fiets
A73 Diefstal bromfiets/snorfiets
B62 Diefstal met geweld fiets
B63 Diefstal met geweld bromfiets/snorfiets
(uitgebreide beschrijving op https://www.politie.nl/algemeen/dataportaal/dataportaal-definities.html)
";;;;;;;;;;;;;;;;;;
1.2.4 ;1.2.4 Zakkenrollerij;"A40 Zakkenrollerij/tassenrollerij
(uitgebreide beschrijving op https://www.politie.nl/algemeen/dataportaal/dataportaal-definities.html)
";;;;;;;;;;;;;;;;;;
1.2.5 ;1.2.5 Diefstal af/uit/van ov. voertuigen;"A12 Diefstal uit/vanaf andere vervoermiddelen
A74 Diefstal ander vervoermiddel
B12 Diefstal met geweld uit/vanaf ander vervoermiddel
B64 Diefstal met geweld ander vervoermiddel
(uitgebreide beschrijving op https://www.politie.nl/algemeen/dataportaal/dataportaal-definities.html)
";;;;;;;;;;;;;;;;;;
1.3.1 ;1.3.1 Ongevallen (weg);"D11 Verkeersongeval met letsel
D12 Verkeersongeval met dodelijke afloop
D13 Verlaten plaats na verkeersongeval
(uitgebreide beschrijving op https://www.politie.nl/algemeen/dataportaal/dataportaal-definities.html)";;;;;;;;;;;;;;;;;;
1.4.1 ;1.4.1 Zedendelicten;"F520 Openbare schennis der eerbaarheid
F521 Verkrachting
F522 Aanranding
F523 Overige zedenmisdrijven
F525 Pornografie
F526 Incest/afhankelijkheid/wilsonbekwame
F527 Seksueel misbruik kinderen (geen incest)
F5295 Sexting
F5296 Grooming
(uitgebreide beschrijving op https://www.politie.nl/algemeen/dataportaal/dataportaal-definities.html)";;;;;;;;;;;;;;;;;;
1.4.2 ;1.4.2 Moord, doodslag;"F540 Doodslag/moord
F541 Euthanasie
F542 Overige misdrijven tegen het leven
F543 Illegale abortus
F544 Behulpzaam bij zelfmoord
(uitgebreide beschrijving op https://www.politie.nl/algemeen/dataportaal/dataportaal-definities.html)";;;;;;;;;;;;;;;;;;
1.4.3 ;1.4.3 Openlijk geweld (persoon);"F12 Openlijke geweldpleging tegen personen
(uitgebreide beschrijving op https://www.politie.nl/algemeen/dataportaal/dataportaal-definities.html)";;;;;;;;;;;;;;;;;;
1.4.4 ;1.4.4 Bedreiging;"F530 Bedreiging
F531 Overige misdrijven tegen de persoonlijke vrijheid
F532 Gijzeling/ontvoering
F533 Stalking
(uitgebreide beschrijving op https://www.politie.nl/algemeen/dataportaal/dataportaal-definities.html)
";;;;;;;;;;;;;;;;;;
1.4.5 ;1.4.5 Mishandeling;"F550 Eenvoudige mishandeling
F551 Zware mishandeling
(uitgebreide beschrijving op https://www.politie.nl/algemeen/dataportaal/dataportaal-definities.html)
";;;;;;;;;;;;;;;;;;
1.4.6 ;1.4.6 Straatroof;"B70 Straatroof
(uitgebreide beschrijving op https://www.politie.nl/algemeen/dataportaal/dataportaal-definities.html)";;;;;;;;;;;;;;;;;;
1.4.7 ;1.4.7 Overval;"B72 Overval in woning
B73 Overval op overige objecten
B74 Overval op geld- en waardetransport
(uitgebreide beschrijving op https://www.politie.nl/algemeen/dataportaal/dataportaal-definities.html)";;;;;;;;;;;;;;;;;;
1.5.2 ;1.5.2 Diefstallen (water);"A11 Diefstal uit/vanaf vaartuig
A75 Diefstal vaartuig
B11 Diefstal met geweld uit/vanaf vaartuig
B65 Diefstal met geweld vaartuig
(uitgebreide beschrijving op https://www.politie.nl/algemeen/dataportaal/dataportaal-definities.html)";;;;;;;;;;;;;;;;;;
1.6.1 ;1.6.1 Brand/ontploffing;"F13 Brandstichting
F14 Bomaanslag
(uitgebreide beschrijving op https://www.politie.nl/algemeen/dataportaal/dataportaal-definities.html)";;;;;;;;;;;;;;;;;;
1.6.2 ;1.6.2 Overige vermogensdelicten;"A27 Gekwal. Diefstal in/uit andere gebouwen
A36 Diefstal in/uit andere gebouwen (niet gekwal.)
A60 Diefstal van een dier
A80 Verduistering (evt. In dienstbetrekking)
A81 Heling
A82 Chantage / afpersing
A90 Overige (eenvoudige) diefstal
A95 Overige gekwal. Diefstal
B27 Gekwal. Diefstal met geweld in/uit andere gebouwen
B36 Diefstal met geweld in/uit andere gebouwen (niet gekwal.)
B95 Overige diefstallen met geweld
(uitgebreide beschrijving op https://www.politie.nl/algemeen/dataportaal/dataportaal-definities.html)";;;;;;;;;;;;;;;;;;
1.6.3 ;1.6.3 Mensenhandel;"F5293 Mensenhandel
F563 Mensenhandel uitbuiting in strafbare activiteiten
F564 Mensenhandel gedwongen orgaanverwijdering
F562 Mensenhandel arbeidsuitbuiting
F565 Mensenhandel overige vormen van uitbuiting
F561 Mensenhandel sexuele uitbuiting
(uitgebreide beschrijving op https://www.politie.nl/algemeen/dataportaal/dataportaal-definities.html)";;;;;;;;;;;;;;;;;;
2.1.1 ;2.1.1 Drugs/drankoverlast;"F47 Overige drugsdelicten
(uitgebreide beschrijving op https://www.politie.nl/algemeen/dataportaal/dataportaal-definities.html)";;;;;;;;;;;;;;;;;;
2.2.1 ;2.2.1 Vernieling cq. zaakbeschadiging;"C20 Vernieling van/aan openbaar vervoer/abri
C30 Vernieling van/aan openbaar gebouw
C40 Vernieling overige objecten
F11 Openlijke geweldpleging tegen goederen
(uitgebreide beschrijving op https://www.politie.nl/algemeen/dataportaal/dataportaal-definities.html)";;;;;;;;;;;;;;;;;;
2.4.1 ;2.4.1 Burengerucht (relatieproblemen);"F95 Overtreding huisverbod
(uitgebreide beschrijving op https://www.politie.nl/algemeen/dataportaal/dataportaal-definities.html)";;;;;;;;;;;;;;;;;;
2.4.2 ;2.4.2 Huisvredebreuk;"F15 Huisvredebreuk
(uitgebreide beschrijving op https://www.politie.nl/algemeen/dataportaal/dataportaal-definities.html)";;;;;;;;;;;;;;;;;;
2.5.1 ;2.5.1 Diefstal/inbraak bedrijven enz.;"A22 Gekwal. Diefstal in/uit winkel
A23 Gekwal. Diefstal in/uit bedrijf/kantoor
A24 Gekwal. Diefstal in/uit sportcomplex
A25 Gekwal. Diefstal in/uit hotel/pension
A26 Gekwal. Diefstal in/uit school
A31 Diefstal in/uit school (niet gekwal.)
A32 Diefstal in/uit bedrijf/kantoor (niet gekwal.)
A33 Diefstal in/uit hotel/pension (niet gekwal.)
A35 Diefstal in/uit sportcomplex (niet gekwal.)
B22 Gekwal. Diefstal met geweld in/uit winkel
B23 Gekwal. Diefstal met geweld in/uit bedrijf/kantoor
B24 Gekwal. Diefstal met geweld in/uit sportcomplex
B25 Gekwal. Diefstal met geweld in/uit hotel/pension
B26 Gekwal. Diefstal met geweld in/uit school
B31 Diefstal met geweld in/uit school (niet gekwal.)
B32 Diefstal met geweld in/uit bedrijf/kantoor (niet gekwal.)
B33 Diefstal met geweld in/uit hotel/pension (niet gekwal.)
B35 Diefstal met geweld in/uit sportcomplex (niet gekwal.)
(uitgebreide beschrijving op https://www.politie.nl/algemeen/dataportaal/dataportaal-definities.html)";;;;;;;;;;;;;;;;;;
2.5.2 ;2.5.2 Winkeldiefstal;"A50 Winkeldiefstal
B50 Winkeldiefstal met geweld
(uitgebreide beschrijving op https://www.politie.nl/algemeen/dataportaal/dataportaal-definities.html)";;;;;;;;;;;;;;;;;;
2.6.1 ;2.6.1 Inrichting Wet Milieubeheer;"M08 Inrichtingen wet milieubeheer
M135 Inrichtingen vuurwerk
(uitgebreide beschrijving op https://www.politie.nl/algemeen/dataportaal/dataportaal-definities.html)";;;;;;;;;;;;;;;;;;
2.6.2 ;2.6.2 Bodem;"M011 Op/in bodem brengen afvalstoffen
M0111 Afval drugslab
M031 Bodembescherming
M032 Ontgrondingen
M033 Ondergrondse tanks
M034 Bodemsanering
(uitgebreide beschrijving op https://www.politie.nl/algemeen/dataportaal/dataportaal-definities.html)";;;;;;;;;;;;;;;;;;
2.6.3 ;2.6.3 Water;"M141 Verontreinigingen oppervlaktewater
M144 Slootdemping
(uitgebreide beschrijving op https://www.politie.nl/algemeen/dataportaal/dataportaal-definities.html)";;;;;;;;;;;;;;;;;;
2.6.4 ;2.6.4 Afval;"M012 Afvaltransport
M013 Huishoudelijk afval aanbieden/doorzoeke/inzamelen
M014 Afval verbranden
M015 Autowrak (milieu)
M016 Afvallozing in riool
M017 Afvalstoffen inzamelen
M019 Asbest
(uitgebreide beschrijving op https://www.politie.nl/algemeen/dataportaal/dataportaal-definities.html)";;;;;;;;;;;;;;;;;;
2.6.5 ;2.6.5 Bouwstoffen;"M018 Bouw- en sloopafval
M041 Bouwstoffen op of in de bodem
M042 Bouwstoffen in oppervlaktewater
(uitgebreide beschrijving op https://www.politie.nl/algemeen/dataportaal/dataportaal-definities.html)";;;;;;;;;;;;;;;;;;
2.6.7 ;2.6.7 Mest;"M091 Uitrijden mest
M092 Opslag mest
M093 Vervoer mest
(uitgebreide beschrijving op https://www.politie.nl/algemeen/dataportaal/dataportaal-definities.html)";;;;;;;;;;;;;;;;;;
2.6.8 ;2.6.8 Transport gevaarlijke stoffen;"M071 Transport gevaarlijke stoffen over de weg
M072 Transport gevaarlijke stoffen over binnenwater
M073 Transport gevaarlijke stoffen over de rijn
M074 Transport gevaarlijke stoffen over zee
M075 Transport gevaarlijke stoffen over het spoor
M076 Transport gevaarlijke stoffen door de lucht
M077 Cfk (handel, in-/uitvoer, vullen)
M078 Koelinstallatie
(uitgebreide beschrijving op https://www.politie.nl/algemeen/dataportaal/dataportaal-definities.html)";;;;;;;;;;;;;;;;;;
2.6.9 ;2.6.9 Vuurwerk;"M132 Transport vuurwerk
M134 Bezitten/vervaardigen/voorhanden hebben/afleveren vuurwerk
(uitgebreide beschrijving op https://www.politie.nl/algemeen/dataportaal/dataportaal-definities.html)";;;;;;;;;;;;;;;;;;
2.6.10;2.6.10 Bestrijdingsmiddelen;"M021 Gebruik bestrijdingsmiddelen
M022 Opslag en voorhanden hebben bestrijdingsmiddelen
(uitgebreide beschrijving op https://www.politie.nl/algemeen/dataportaal/dataportaal-definities.html)";;;;;;;;;;;;;;;;;;
2.6.11;2.6.11 Natuur en landschap;"M23 Wet inzake luchtverontreiniging
(uitgebreide beschrijving op https://www.politie.nl/algemeen/dataportaal/dataportaal-definities.html)";;;;;;;;;;;;;;;;;;
2.6.12;2.6.12 Ruimtelijke ordening;"M11 Ruimtelijke ordening
(uitgebreide beschrijving op https://www.politie.nl/algemeen/dataportaal/dataportaal-definities.html)";;;;;;;;;;;;;;;;;;
2.6.13;2.6.13 Dieren;"M051 Gezondheid en welzijn dieren en dierenvervoer
 M102 Cites (uitheemse planten en dieren)
(uitgebreide beschrijving op https://www.politie.nl/algemeen/dataportaal/dataportaal-definities.html)";;;;;;;;;;;;;;;;;;
2.6.14;2.6.14 Voedselveiligheid;"M12 Voedselveiligheid en slacht
(uitgebreide beschrijving op https://www.politie.nl/algemeen/dataportaal/dataportaal-definities.html)";;;;;;;;;;;;;;;;;;
2.7.2 ;2.7.2 Bijzondere wetten;"F91 Misdrijven wet op de kansspelen
F92 Telecommunicatiewet
F93 Misdrijven anders
F94 Witwassen
(uitgebreide beschrijving op https://www.politie.nl/algemeen/dataportaal/dataportaal-definities.html)";;;;;;;;;;;;;;;;;;
2.7.3 ;2.7.3 Leefbaarheid (overig);"F16 Lokaalvredebreuk
(uitgebreide beschrijving op https://www.politie.nl/algemeen/dataportaal/dataportaal-definities.html)";;;;;;;;;;;;;;;;;;
3.1.1 ;3.1.1 Drugshandel;"F40 Bezit hard-drugs (lijst 1)
F41 Bezit softdrugs (lijst 2)
F42 Handel e.d. hard-drugs (lijst 1)
F43 Handel e.d. softdrugs (lijst 2)
F44 Vervaardigen hard-drugs (lijst 1)
F45 Vervaardigen softdrugs (lijst 2)
(uitgebreide beschrijving op https://www.politie.nl/algemeen/dataportaal/dataportaal-definities.html)";;;;;;;;;;;;;;;;;;
3.1.2 ;3.1.2 Mensensmokkel;"F5294 Mensensmokkel
(uitgebreide beschrijving op https://www.politie.nl/algemeen/dataportaal/dataportaal-definities.html)";;;;;;;;;;;;;;;;;;
3.1.3 ;3.1.3 Wapenhandel;"F70 Bezit vuurwapens
F71 Handel vuurwapens
F72 Bezit overige wapens
F73 Handel overige wapens
(uitgebreide beschrijving op https://www.politie.nl/algemeen/dataportaal/dataportaal-definities.html)";;;;;;;;;;;;;;;;;;
3.2.1 ;3.2.1 Kinderporno;"F5291 Kinderpornografie
(uitgebreide beschrijving op https://www.politie.nl/algemeen/dataportaal/dataportaal-definities.html)";;;;;;;;;;;;;;;;;;
3.2.2 ;3.2.2 Kinderprostitutie;"F5292 Kinderprostitutie
(uitgebreide beschrijving op https://www.politie.nl/algemeen/dataportaal/dataportaal-definities.html)";;;;;;;;;;;;;;;;;;
3.3.2 ;3.3.2 Onder invloed (lucht);"L90 Vliegen onder invloed drugs/medicijnen
L91 Vliegen onder invloed alcohol
(uitgebreide beschrijving op https://www.politie.nl/algemeen/dataportaal/dataportaal-definities.html)";;;;;;;;;;;;;;;;;;
3.3.5 ;3.3.5 Lucht (overig);"L21 Luchtvaartwet
(uitgebreide beschrijving op https://www.politie.nl/algemeen/dataportaal/dataportaal-definities.html)";;;;;;;;;;;;;;;;;;
3.4.2 ;3.4.2 Onder invloed (water);"L80 Varen onder invloed drugs/medicijnen
L81 Varen onder invloed alcohol
L83 Weigeren ademanalyse (varen)
(uitgebreide beschrijving op https://www.politie.nl/algemeen/dataportaal/dataportaal-definities.html)";;;;;;;;;;;;;;;;;;
3.5.2 ;3.5.2 Onder invloed (weg);"D20 Rijden onder invloed drugs/medicijnen
D21 Rijden onder invloed alcohol
D23 Weigeren ademanalyse
D24 Weigeren bloedproef
D25 Weigeren vervangend (urine)onderzoek
(uitgebreide beschrijving op https://www.politie.nl/algemeen/dataportaal/dataportaal-definities.html)";;;;;;;;;;;;;;;;;;
3.5.5 ;3.5.5 Weg (overig);"D40 Rijden tijdens rijverbod
D41 Rijden terwijl rijbewijs is ingevorderd
D42 Rijden tijdens ontzegging rijbevoegdheid
D44 Rijden met ongeldig verklaard rijbewijs
D50 Joyriding
D51 Vals kenteken/kentekenplaten
D52 Overig verkeersmisdrijf
(uitgebreide beschrijving op https://www.politie.nl/algemeen/dataportaal/dataportaal-definities.html)";;;;;;;;;;;;;;;;;;
3.6.4 ;3.6.4 Aantasting openbare orde;"F10 Overige delicten openbare orde
F17 Wederspannigheid (verzet)
F18 Niet voldoen aan bevel/vordering
F19 Overige misdrijven tegen het openbaar gezag
F30 Valse identiteit opgeven
(uitgebreide beschrijving op https://www.politie.nl/algemeen/dataportaal/dataportaal-definities.html)";;;;;;;;;;;;;;;;;;
3.7.1 ;3.7.1 Discriminatie;"F50 Discriminatie
(uitgebreide beschrijving op https://www.politie.nl/algemeen/dataportaal/dataportaal-definities.html)";;;;;;;;;;;;;;;;;;
3.7.2 ;3.7.2 Vreemdelingenzorg;"F0064 Zich als ongewenst verklaarde vreemdeling in NL bevinden
(uitgebreide beschrijving op https://www.politie.nl/algemeen/dataportaal/dataportaal-definities.html)";;;;;;;;;;;;;;;;;;
3.7.3 ;3.7.3 Maatsch. integriteit (overig);"F51 Belediging
F5231 Ontucht met dieren / dierenporno
(uitgebreide beschrijving op https://www.politie.nl/algemeen/dataportaal/dataportaal-definities.html)";;;;;;;;;;;;;;;;;;
3.7.4 ;3.7.4 Cybercrime;F90 Cybercrime;;;;;;;;;;;;;;;;;;
3.9.1 ;3.9.1 Horizontale fraude;"F614 Fraude met betaalproducten
F616 Ie-fraude/namaakgoederen
F617 Identiteitsfraude
F620 Overige horizontale fraude
F622 Verzekerings en assurantiefraude
F625 Faillissementsfraude
F631 Krediet-,hypotheek- en depotfraude
F632 Aquisitiefraude
F633 Vastgoedfraude
F634 Fraude met kilometertellers
F635 Fraude in de zorg
F636 Fraude met onlinehandel
F637 Voorschotfraude
F638 Telecomfraude
F639 Beleggingsfraude
(uitgebreide beschrijving op https://www.politie.nl/algemeen/dataportaal/dataportaal-definities.html)";;;;;;;;;;;;;;;;;;
3.9.2 ;3.9.2 Verticale fraude;"F621 Uitkeringsfraude
F623 Subsidiefraude
F649 Overige verticale fraude
(uitgebreide beschrijving op https://www.politie.nl/algemeen/dataportaal/dataportaal-definities.html)";;;;;;;;;;;;;;;;;;
3.9.3 ;3.9.3 Fraude (overig);"F600 Oplichting
F601 Flessentrekkerij
F602 Overig bedrog
F610 Vals geld aanmaken
F611 Vals geld uitgeven
F612 Vervalsingen overig
F613 Vervalsen paspoort/identiteitskaart/reisdocument
F614 Vervalsing bankpas/giropas/cheques
F615 Vervalsen rijbewijs
F624 Valse aangifte";;;;;;;;;;;;;;;;;;
RegioS;;;;;;;;;;;;;;;;;;;;
Key;Title;Description;;;;;;;;;;;;;;;;;;
NL01  ;Nederland;;;;;;;;;;;;;;;;;;;
LD01  ;Noord-Nederland (LD);"LD = Landsdeel

Noord-Nederland: Groningen, Fryslân, Drenthe

Regionale groepering van provincies. Nederland telt 4 landsdelen.";;;;;;;;;;;;;;;;;;
LD02  ;Oost-Nederland (LD);"LD = Landsdeel

Oost-Nederland: Overijssel, Flevoland, Gelderland

Regionale groepering van provincies. Nederland telt 4 landsdelen.";;;;;;;;;;;;;;;;;;
LD03  ;West-Nederland (LD);"LD = Landsdeel

West-Nederland: Utrecht, Noord-Holland, Zuid-Holland, Zeeland

Regionale groepering van provincies. Nederland telt 4 landsdelen.";;;;;;;;;;;;;;;;;;
LDG4  ;West-Nederland, exclusief G4 (LD);"LD = Landsdeel

West-Nederland: Utrecht, Noord-Holland, Zuid-Holland, Zeeland, exclusief
de gemeenten Amsterdam, 's-Gravenhage, Rotterdam en Utrecht (G4).

Regionale groepering van provincies. Nederland telt 4 landsdelen.";;;;;;;;;;;;;;;;;;
LD04  ;Zuid-Nederland (LD);"LD = Landsdeel

Zuid-Nederland: Noord-Brabant, Limburg

Regionale groepering van provincies. Nederland telt 4 landsdelen.";;;;;;;;;;;;;;;;;;
LD99  ;Niet in te delen (LD);"LD = Landsdeel

Regionale groepering van provincies. Nederland telt 4 landsdelen.

Niet in te delen: door een gebrek aan informatie of door onjuiste informatie is een toedeling aan een bepaald landsdeel niet altijd mogelijk.";;;;;;;;;;;;;;;;;;
PV20  ;Groningen (PV);"PV = Provincie

Bestuurlijke onderverdeling van het Nederlands grondgebied. Sinds het instellen van de provincie Flevoland per 1 januari 1986 telt Nederland 12 provincies.";;;;;;;;;;;;;;;;;;
PV21  ;Fryslân (PV);"PV = Provincie

Bestuurlijke onderverdeling van het Nederlands grondgebied. Sinds het instellen van de provincie Flevoland per 1 januari 1986 telt Nederland 12 provincies.";;;;;;;;;;;;;;;;;;
PV22  ;Drenthe (PV);"PV = Provincie

Bestuurlijke onderverdeling van het Nederlands grondgebied. Sinds het instellen van de provincie Flevoland per 1 januari 1986 telt Nederland 12 provincies.";;;;;;;;;;;;;;;;;;
PV23  ;Overijssel (PV);"PV = Provincie

Bestuurlijke onderverdeling van het Nederlands grondgebied. Sinds het instellen van de provincie Flevoland per 1 januari 1986 telt Nederland 12 provincies.";;;;;;;;;;;;;;;;;;
PV24  ;Flevoland (PV);"PV = Provincie

Bestuurlijke onderverdeling van het Nederlands grondgebied. Sinds het instellen van de provincie Flevoland per 1 januari 1986 telt Nederland 12 provincies.";;;;;;;;;;;;;;;;;;
PV25  ;Gelderland (PV);"PV = Provincie

Bestuurlijke onderverdeling van het Nederlands grondgebied. Sinds het instellen van de provincie Flevoland per 1 januari 1986 telt Nederland 12 provincies.";;;;;;;;;;;;;;;;;;
PV26  ;Utrecht (PV);"PV = Provincie

Bestuurlijke onderverdeling van het Nederlands grondgebied. Sinds het instellen van de provincie Flevoland per 1 januari 1986 telt Nederland 12 provincies.";;;;;;;;;;;;;;;;;;
PV27  ;Noord-Holland (PV);"PV = Provincie

Bestuurlijke onderverdeling van het Nederlands grondgebied. Sinds het instellen van de provincie Flevoland per 1 januari 1986 telt Nederland 12 provincies.";;;;;;;;;;;;;;;;;;
PV28  ;Zuid-Holland (PV);"PV = Provincie

Bestuurlijke onderverdeling van het Nederlands grondgebied. Sinds het instellen van de provincie Flevoland per 1 januari 1986 telt Nederland 12 provincies.";;;;;;;;;;;;;;;;;;
PV29  ;Zeeland (PV);"PV = Provincie

Bestuurlijke onderverdeling van het Nederlands grondgebied. Sinds het instellen van de provincie Flevoland per 1 januari 1986 telt Nederland 12 provincies.";;;;;;;;;;;;;;;;;;
PV30  ;Noord-Brabant (PV);"PV = Provincie

Bestuurlijke onderverdeling van het Nederlands grondgebied. Sinds het instellen van de provincie Flevoland per 1 januari 1986 telt Nederland 12 provincies.";;;;;;;;;;;;;;;;;;
PV31  ;Limburg (PV);"PV = Provincie

Bestuurlijke onderverdeling van het Nederlands grondgebied. Sinds het instellen van de provincie Flevoland per 1 januari 1986 telt Nederland 12 provincies.";;;;;;;;;;;;;;;;;;
PV99  ;Niet in te delen (PV);"PV = Provincie

Bestuurlijke onderverdeling van het Nederlands grondgebied. Sinds het instellen van de provincie Flevoland per 1 januari 1986 telt Nederland 12 provincies.

Niet in te delen: door een gebrek aan informatie of door onjuiste informatie is een toedeling aan een bepaalde provincie niet altijd mogelijk.";;;;;;;;;;;;;;;;;;
GM1680;Aa en Hunze;Ontstaan per 01-01-1998;;;;;;;;;;;;;;;;;;
GM0358;Aalsmeer;Begindatum voor 1830;;;;;;;;;;;;;;;;;;
GM0197;Aalten;"Gemeentelijke herindeling per 01-01-2005
Begindatum voor 1830";;;;;;;;;;;;;;;;;;
GM0059;Achtkarspelen;Begindatum voor 1830;;;;;;;;;;;;;;;;;;
GM0482;Alblasserdam;Begindatum voor 1830;;;;;;;;;;;;;;;;;;
GM0613;Albrandswaard;Ontstaan per 01-01-1985;;;;;;;;;;;;;;;;;;
GM0361;Alkmaar;"Gemeentelijke herindeling per 01-01-2015
Begindatum voor 1830";;;;;;;;;;;;;;;;;;
GM0141;Almelo;Begindatum 01-12-1913;;;;;;;;;;;;;;;;;;
GM0034;Almere;Ontstaan per 01-01-1984;;;;;;;;;;;;;;;;;;
GM0484;Alphen aan den Rijn;"Gemeentelijke herindeling per 01-01-2014
Naamswijziging per 01-01-1918";;;;;;;;;;;;;;;;;;
GM1723;Alphen-Chaam;Ontstaan per 01-01-1997;;;;;;;;;;;;;;;;;;
GM1959;Altena;Ontstaan per 01-01-2019;;;;;;;;;;;;;;;;;;
GM0060;Ameland;Begindatum voor 1830;;;;;;;;;;;;;;;;;;
GM0307;Amersfoort;Begindatum voor 1830;;;;;;;;;;;;;;;;;;
GM0362;Amstelveen;Naamswijziging per 01-01-1964;;;;;;;;;;;;;;;;;;
GM0363;Amsterdam;"Gemeentelijke herindeling per 24-03-2022
Begindatum voor 1830";;;;;;;;;;;;;;;;;;
GM0200;Apeldoorn;Begindatum voor 1830;;;;;;;;;;;;;;;;;;
GM0202;Arnhem;Begindatum voor 1830;;;;;;;;;;;;;;;;;;
GM0106;Assen;Begindatum voor 1830;;;;;;;;;;;;;;;;;;
GM0743;Asten;Begindatum voor 1830;;;;;;;;;;;;;;;;;;
GM0744;Baarle-Nassau;Begindatum voor 1830;;;;;;;;;;;;;;;;;;
GM0308;Baarn;Begindatum voor 1830;;;;;;;;;;;;;;;;;;
GM0489;Barendrecht;Naamswijziging per 10-12-1886;;;;;;;;;;;;;;;;;;
GM0203;Barneveld;Begindatum voor 1830;;;;;;;;;;;;;;;;;;
GM0888;Beek (L.);Begindatum 02-01-1839;;;;;;;;;;;;;;;;;;
GM1954;Beekdaelen;Ontstaan per 01-01-2019;;;;;;;;;;;;;;;;;;
GM0889;Beesel;Begindatum 02-01-1839;;;;;;;;;;;;;;;;;;
GM1945;Berg en Dal;Naamswijziging per 01-01-2016;;;;;;;;;;;;;;;;;;
GM1724;Bergeijk;Naamswijziging per 25-09-1998;;;;;;;;;;;;;;;;;;
GM0893;Bergen (L.);Begindatum 02-01-1839;;;;;;;;;;;;;;;;;;
GM0373;Bergen (NH.);"Gemeentelijke herindeling per 01-01-2001
Begindatum voor 1830";;;;;;;;;;;;;;;;;;
GM0748;Bergen op Zoom;"Gemeentelijke herindeling per 01-01-1997
Begindatum voor 1830";;;;;;;;;;;;;;;;;;
GM1859;Berkelland;Ontstaan per 01-01-2005;;;;;;;;;;;;;;;;;;
GM1721;Bernheze;Naamswijziging per 28-01-1995;;;;;;;;;;;;;;;;;;
GM0753;Best;Begindatum voor 1830;;;;;;;;;;;;;;;;;;
GM0209;Beuningen;Begindatum voor 1830;;;;;;;;;;;;;;;;;;
GM0375;Beverwijk;Begindatum voor 1830;;;;;;;;;;;;;;;;;;
GM0310;De Bilt;"Gemeentelijke herindeling per 01-01-2001
Begindatum voor 1830";;;;;;;;;;;;;;;;;;
GM1728;Bladel;Ontstaan per 01-01-1997;;;;;;;;;;;;;;;;;;
GM0376;Blaricum;Begindatum voor 1830;;;;;;;;;;;;;;;;;;
GM0377;Bloemendaal;"Gemeentelijke herindeling per 01-01-2009
Begindatum voor 1830";;;;;;;;;;;;;;;;;;
GM1901;Bodegraven-Reeuwijk;Ontstaan per 01-01-2011;;;;;;;;;;;;;;;;;;
GM0755;Boekel;Begindatum voor 1830;;;;;;;;;;;;;;;;;;
GM1681;Borger-Odoorn;Ontstaan per 01-01-1998;;;;;;;;;;;;;;;;;;
GM0147;Borne;Begindatum voor 1830;;;;;;;;;;;;;;;;;;
GM0654;Borsele;Naamswijziging per 01-01-1970;;;;;;;;;;;;;;;;;;
GM0757;Boxtel;"Gemeentelijke herindeling per 01-01-2021
Gemeentelijke herindeling per 01-01-1996
Begindatum voor 1830";;;;;;;;;;;;;;;;;;
GM0758;Breda;"Gemeentelijke herindeling per 01-01-1997
Begindatum voor 1830";;;;;;;;;;;;;;;;;;
GM1876;Bronckhorst;Ontstaan per 01-01-2005;;;;;;;;;;;;;;;;;;
GM0213;Brummen;Begindatum voor 1830;;;;;;;;;;;;;;;;;;
GM0899;Brunssum;Begindatum 02-01-1839;;;;;;;;;;;;;;;;;;
GM0312;Bunnik;Begindatum voor 1830;;;;;;;;;;;;;;;;;;
GM0313;Bunschoten;Begindatum voor 1830;;;;;;;;;;;;;;;;;;
GM0214;Buren;"Gemeentelijke herindeling per 01-01-1999
Begindatum voor 1830";;;;;;;;;;;;;;;;;;
GM0502;Capelle aan den IJssel;Begindatum voor 1830;;;;;;;;;;;;;;;;;;
GM0383;Castricum;"Gemeentelijke herindeling per 01-01-2002
Begindatum voor 1830";;;;;;;;;;;;;;;;;;
GM0109;Coevorden;"Gemeentelijke herindeling per 01-01-1998
Begindatum voor 1830";;;;;;;;;;;;;;;;;;
GM1706;Cranendonck;Naamswijziging per 28-01-1998;;;;;;;;;;;;;;;;;;
GM0216;Culemborg;Begindatum voor 1830;;;;;;;;;;;;;;;;;;
GM0148;Dalfsen;"Gemeentelijke herindeling per 01-01-2001
Begindatum voor 1830";;;;;;;;;;;;;;;;;;
GM1891;Dantumadiel;Naamswijziging per 01-01-2009;;;;;;;;;;;;;;;;;;
GM0503;Delft;Begindatum voor 1830;;;;;;;;;;;;;;;;;;
GM0762;Deurne;Naamswijziging per 01-01-1926;;;;;;;;;;;;;;;;;;
GM0150;Deventer;"Gemeentelijke herindeling per 01-01-2005
Gemeentelijke herindeling per 01-01-1999
Begindatum voor 1830";;;;;;;;;;;;;;;;;;
GM0384;Diemen;Begindatum voor 1830;;;;;;;;;;;;;;;;;;
GM1980;Dijk en Waard;Ontstaan per 01-01-2022;;;;;;;;;;;;;;;;;;
GM1774;Dinkelland;Naamswijziging per 01-06-2002;;;;;;;;;;;;;;;;;;
GM0221;Doesburg;Begindatum voor 1830;;;;;;;;;;;;;;;;;;
GM0222;Doetinchem;"Gemeentelijke herindeling per 01-01-2005
Begindatum 01-01-1920";;;;;;;;;;;;;;;;;;
GM0766;Dongen;"Gemeentelijke herindeling per 01-01-1997
Begindatum voor 1830";;;;;;;;;;;;;;;;;;
GM0505;Dordrecht;Begindatum voor 1830;;;;;;;;;;;;;;;;;;
GM0498;Drechterland;"Gemeentelijke herindeling per 01-01-2006
Naamswijziging per 01-01-1980";;;;;;;;;;;;;;;;;;
GM1719;Drimmelen;Naamswijziging per 25-04-1998;;;;;;;;;;;;;;;;;;
GM0303;Dronten;Ontstaan per 01-01-1972;;;;;;;;;;;;;;;;;;
GM0225;Druten;Begindatum voor 1830;;;;;;;;;;;;;;;;;;
GM0226;Duiven;Begindatum voor 1830;;;;;;;;;;;;;;;;;;
GM1711;Echt-Susteren;Ontstaan per 01-01-2003;;;;;;;;;;;;;;;;;;
GM0385;Edam-Volendam;"Gemeentelijke herindeling per 01-01-2016
Naamswijziging per 01-01-1975";;;;;;;;;;;;;;;;;;
GM0228;Ede;Begindatum voor 1830;;;;;;;;;;;;;;;;;;
GM0317;Eemnes;Begindatum voor 1830;;;;;;;;;;;;;;;;;;
GM1979;Eemsdelta;Ontstaan per 01-01-2021;;;;;;;;;;;;;;;;;;
GM0770;Eersel;"Gemeentelijke herindeling per 01-01-1997
Begindatum voor 1830";;;;;;;;;;;;;;;;;;
GM1903;Eijsden-Margraten;Ontstaan per 01-01-2011;;;;;;;;;;;;;;;;;;
GM0772;Eindhoven;Begindatum voor 1830;;;;;;;;;;;;;;;;;;
GM0230;Elburg;Begindatum voor 1830;;;;;;;;;;;;;;;;;;
GM0114;Emmen;"Gemeentelijke herindeling per 01-01-1998
Begindatum voor 1830";;;;;;;;;;;;;;;;;;
GM0388;Enkhuizen;Begindatum voor 1830;;;;;;;;;;;;;;;;;;
GM0153;Enschede;Begindatum voor 1830;;;;;;;;;;;;;;;;;;
GM0232;Epe;Begindatum voor 1830;;;;;;;;;;;;;;;;;;
GM0233;Ermelo;Begindatum voor 1830;;;;;;;;;;;;;;;;;;
GM0777;Etten-Leur;Naamswijziging per 01-01-1968;;;;;;;;;;;;;;;;;;
GM1940;De Fryske Marren;Naamswijziging per 01-07-2015;;;;;;;;;;;;;;;;;;
GM0779;Geertruidenberg;"Gemeentelijke herindeling per 01-01-1997
Begindatum voor 1830";;;;;;;;;;;;;;;;;;
GM1771;Geldrop-Mierlo;Ontstaan per 01-01-2004;;;;;;;;;;;;;;;;;;
GM1652;Gemert-Bakel;Ontstaan per 01-01-1997;;;;;;;;;;;;;;;;;;
GM0907;Gennep;Begindatum 02-01-1839;;;;;;;;;;;;;;;;;;
GM0784;Gilze en Rijen;Begindatum voor 1830;;;;;;;;;;;;;;;;;;
GM1924;Goeree-Overflakkee;Ontstaan per 01-01-2013;;;;;;;;;;;;;;;;;;
GM0664;Goes;Begindatum voor 1830;;;;;;;;;;;;;;;;;;
GM0785;Goirle;Begindatum voor 1830;;;;;;;;;;;;;;;;;;
GM1942;Gooise Meren;Ontstaan per 01-01-2016;;;;;;;;;;;;;;;;;;
GM0512;Gorinchem;Begindatum voor 1830;;;;;;;;;;;;;;;;;;
GM0513;Gouda;Begindatum voor 1830;;;;;;;;;;;;;;;;;;
GM0518;'s-Gravenhage (gemeente);Begindatum voor 1830;;;;;;;;;;;;;;;;;;
GM0014;Groningen (gemeente);"Gemeentelijke herindeling per 01-01-2019
Begindatum voor 1830";;;;;;;;;;;;;;;;;;
GM1729;Gulpen-Wittem;Ontstaan per 01-01-1999;;;;;;;;;;;;;;;;;;
GM0158;Haaksbergen;Begindatum voor 1830;;;;;;;;;;;;;;;;;;
GM0392;Haarlem;Begindatum voor 1830;;;;;;;;;;;;;;;;;;
GM0394;Haarlemmermeer;"Gemeentelijke herindeling per 01-01-2019
Begindatum 16-11-1855";;;;;;;;;;;;;;;;;;
GM1655;Halderberge;Ontstaan per 01-01-1997;;;;;;;;;;;;;;;;;;
GM0160;Hardenberg;"Gemeentelijke herindeling per 01-01-2001
Ontstaan per 01-05-1941";;;;;;;;;;;;;;;;;;
GM0243;Harderwijk;Begindatum voor 1830;;;;;;;;;;;;;;;;;;
GM0523;Hardinxveld-Giessendam;Ontstaan per 01-01-1957;;;;;;;;;;;;;;;;;;
GM0072;Harlingen;Begindatum voor 1830;;;;;;;;;;;;;;;;;;
GM0244;Hattem;Begindatum voor 1830;;;;;;;;;;;;;;;;;;
GM0396;Heemskerk;Begindatum voor 1830;;;;;;;;;;;;;;;;;;
GM0397;Heemstede;Begindatum voor 1830;;;;;;;;;;;;;;;;;;
GM0246;Heerde;Begindatum voor 1830;;;;;;;;;;;;;;;;;;
GM0074;Heerenveen;"Gemeentelijke herindeling per 01-01-2014
Begindatum 01-07-1934";;;;;;;;;;;;;;;;;;
GM0917;Heerlen;Begindatum 02-01-1839;;;;;;;;;;;;;;;;;;
GM1658;Heeze-Leende;Ontstaan per 01-01-1997;;;;;;;;;;;;;;;;;;
GM0399;Heiloo;Begindatum voor 1830;;;;;;;;;;;;;;;;;;
GM0400;Den Helder;Begindatum voor 1830;;;;;;;;;;;;;;;;;;
GM0163;Hellendoorn;Begindatum voor 1830;;;;;;;;;;;;;;;;;;
GM0794;Helmond;Begindatum voor 1830;;;;;;;;;;;;;;;;;;
GM0531;Hendrik-Ido-Ambacht;Begindatum voor 1830;;;;;;;;;;;;;;;;;;
GM0164;Hengelo (O.);Begindatum voor 1830;;;;;;;;;;;;;;;;;;
GM0796;'s-Hertogenbosch;"Gemeentelijke herindeling per 01-01-2015
Gemeentelijke herindeling per 01-01-1996
Begindatum voor 1830";;;;;;;;;;;;;;;;;;
GM0252;Heumen;Begindatum voor 1830;;;;;;;;;;;;;;;;;;
GM0797;Heusden;"Gemeentelijke herindeling per 01-01-1997
Begindatum voor 1830";;;;;;;;;;;;;;;;;;
GM0534;Hillegom;Begindatum voor 1830;;;;;;;;;;;;;;;;;;
GM0798;Hilvarenbeek;"Gemeentelijke herindeling per 01-01-1997
Begindatum voor 1830";;;;;;;;;;;;;;;;;;
GM0402;Hilversum;Begindatum voor 1830;;;;;;;;;;;;;;;;;;
GM1963;Hoeksche Waard;Ontstaan per 01-01-2019;;;;;;;;;;;;;;;;;;
GM1735;Hof van Twente;Ontstaan per 01-01-2001;;;;;;;;;;;;;;;;;;
GM1966;Het Hogeland;Ontstaan per 01-01-2019;;;;;;;;;;;;;;;;;;
GM1911;Hollands Kroon;Ontstaan per 01-01-2012;;;;;;;;;;;;;;;;;;
GM0118;Hoogeveen;Begindatum voor 1830;;;;;;;;;;;;;;;;;;
GM0405;Hoorn;Begindatum voor 1830;;;;;;;;;;;;;;;;;;
GM1507;Horst aan de Maas;"Gemeentelijke herindeling per 01-01-2010
Ontstaan per 01-01-2001";;;;;;;;;;;;;;;;;;
GM0321;Houten;Begindatum voor 1830;;;;;;;;;;;;;;;;;;
GM0406;Huizen;Begindatum voor 1830;;;;;;;;;;;;;;;;;;
GM0677;Hulst;"Gemeentelijke herindeling per 01-01-2003
Begindatum voor 1830";;;;;;;;;;;;;;;;;;
GM0353;IJsselstein;Begindatum voor 1830;;;;;;;;;;;;;;;;;;
GM1884;Kaag en Braassem;Ontstaan per 01-01-2009;;;;;;;;;;;;;;;;;;
GM0166;Kampen;"Gemeentelijke herindeling per 01-01-2001
Begindatum voor 1830";;;;;;;;;;;;;;;;;;
GM0678;Kapelle;Begindatum voor 1830;;;;;;;;;;;;;;;;;;
GM0537;Katwijk;"Gemeentelijke herindeling per 01-01-2006
Begindatum voor 1830";;;;;;;;;;;;;;;;;;
GM0928;Kerkrade;Begindatum 02-01-1839;;;;;;;;;;;;;;;;;;
GM1598;Koggenland;Ontstaan per 01-01-2007;;;;;;;;;;;;;;;;;;
GM0542;Krimpen aan den IJssel;Begindatum voor 1830;;;;;;;;;;;;;;;;;;
GM1931;Krimpenerwaard;Ontstaan per 01-01-2015;;;;;;;;;;;;;;;;;;
GM1659;Laarbeek;Ontstaan per 01-01-1997;;;;;;;;;;;;;;;;;;
GM1982;Land van Cuijk;Ontstaan per 01-01-2022;;;;;;;;;;;;;;;;;;
GM0882;Landgraaf;Ontstaan per 01-01-1982;;;;;;;;;;;;;;;;;;
GM0415;Landsmeer;"Gemeentelijke herindeling per 01-01-1991
Begindatum voor 1830";;;;;;;;;;;;;;;;;;
GM1621;Lansingerland;Ontstaan per 01-01-2007;;;;;;;;;;;;;;;;;;
GM0417;Laren (NH.);Begindatum voor 1830;;;;;;;;;;;;;;;;;;
GM0080;Leeuwarden;"Gemeentelijke herindeling per 01-01-2018
Gemeentelijke herindeling per 01-01-2014
Begindatum voor 1830";;;;;;;;;;;;;;;;;;
GM0546;Leiden;Begindatum voor 1830;;;;;;;;;;;;;;;;;;
GM0547;Leiderdorp;Begindatum voor 1830;;;;;;;;;;;;;;;;;;
GM1916;Leidschendam-Voorburg;Ontstaan per 01-01-2002;;;;;;;;;;;;;;;;;;
GM0995;Lelystad;Ontstaan per 01-01-1980;;;;;;;;;;;;;;;;;;
GM1640;Leudal;Ontstaan per 01-01-2007;;;;;;;;;;;;;;;;;;
GM0327;Leusden;Begindatum voor 1830;;;;;;;;;;;;;;;;;;
GM1705;Lingewaard;Naamswijziging per 01-01-2003;;;;;;;;;;;;;;;;;;
GM0553;Lisse;Begindatum voor 1830;;;;;;;;;;;;;;;;;;
GM0262;Lochem;"Gemeentelijke herindeling per 01-01-2005
Begindatum voor 1830";;;;;;;;;;;;;;;;;;
GM0809;Loon op Zand;Begindatum voor 1830;;;;;;;;;;;;;;;;;;
GM0331;Lopik;Begindatum voor 1830;;;;;;;;;;;;;;;;;;
GM0168;Losser;Begindatum voor 1830;;;;;;;;;;;;;;;;;;
GM0263;Maasdriel;"Gemeentelijke herindeling per 01-01-1999
Naamswijziging per 01-08-1944";;;;;;;;;;;;;;;;;;
GM1641;Maasgouw;Ontstaan per 01-01-2007;;;;;;;;;;;;;;;;;;
GM1991;Maashorst;Ontstaan per 01-01-2022;;;;;;;;;;;;;;;;;;
GM0556;Maassluis;Begindatum voor 1830;;;;;;;;;;;;;;;;;;
GM0935;Maastricht;Begindatum voor 1830;;;;;;;;;;;;;;;;;;
GM0420;Medemblik;"Gemeentelijke herindeling per 01-01-2011
Gemeentelijke herindeling per 01-01-2007
Begindatum voor 1830";;;;;;;;;;;;;;;;;;
GM0938;Meerssen;Begindatum 02-01-1839;;;;;;;;;;;;;;;;;;
GM1948;Meierijstad;Ontstaan per 01-01-2017;;;;;;;;;;;;;;;;;;
GM0119;Meppel;"Gemeentelijke herindeling per 01-01-1998
Begindatum voor 1830";;;;;;;;;;;;;;;;;;
GM0687;Middelburg (Z.);"Gemeentelijke herindeling per 01-01-1997
Begindatum voor 1830";;;;;;;;;;;;;;;;;;
GM1842;Midden-Delfland;Ontstaan per 01-01-2004;;;;;;;;;;;;;;;;;;
GM1731;Midden-Drenthe;Naamswijziging per 01-01-2000;;;;;;;;;;;;;;;;;;
GM1952;Midden-Groningen;Ontstaan per 01-01-2018;;;;;;;;;;;;;;;;;;
GM1709;Moerdijk;Naamswijziging per 04-04-1998;;;;;;;;;;;;;;;;;;
GM1978;Molenlanden;Ontstaan per 01-01-2019;;;;;;;;;;;;;;;;;;
GM1955;Montferland;Ontstaan per 01-01-2005;;;;;;;;;;;;;;;;;;
GM0335;Montfoort;Begindatum voor 1830;;;;;;;;;;;;;;;;;;
GM0944;Mook en Middelaar;Begindatum 02-01-1839;;;;;;;;;;;;;;;;;;
GM1740;Neder-Betuwe;Naamswijziging per 01-04-2003;;;;;;;;;;;;;;;;;;
GM0946;Nederweert;Begindatum 02-01-1839;;;;;;;;;;;;;;;;;;
GM0356;Nieuwegein;Ontstaan per 01-07-1971;;;;;;;;;;;;;;;;;;
GM0569;Nieuwkoop;"Gemeentelijke herindeling per 01-01-2007
Begindatum voor 1830";;;;;;;;;;;;;;;;;;
GM0267;Nijkerk;"Gemeentelijke herindeling per 01-01-2000
Begindatum voor 1830";;;;;;;;;;;;;;;;;;
GM0268;Nijmegen;Begindatum voor 1830;;;;;;;;;;;;;;;;;;
GM1930;Nissewaard;Ontstaan per 01-01-2015;;;;;;;;;;;;;;;;;;
GM1970;Noardeast-Fryslân;Ontstaan per 01-01-2019;;;;;;;;;;;;;;;;;;
GM1695;Noord-Beveland;Ontstaan per 01-01-1995;;;;;;;;;;;;;;;;;;
GM1699;Noordenveld;Ontstaan per 01-01-1998;;;;;;;;;;;;;;;;;;
GM0171;Noordoostpolder;"Provinciale wijziging per 01-01-1986
Naamswijziging per 01-07-1962";;;;;;;;;;;;;;;;;;
GM0575;Noordwijk;"Gemeentelijke herindeling per 01-01-2019
Begindatum voor 1830";;;;;;;;;;;;;;;;;;
GM0820;Nuenen, Gerwen en Nederwetten;Begindatum voor 1830;;;;;;;;;;;;;;;;;;
GM0302;Nunspeet;Ontstaan per 01-01-1972;;;;;;;;;;;;;;;;;;
GM0579;Oegstgeest;Begindatum voor 1830;;;;;;;;;;;;;;;;;;
GM0823;Oirschot;"Gemeentelijke herindeling per 01-01-1997
Begindatum voor 1830";;;;;;;;;;;;;;;;;;
GM0824;Oisterwijk;"Gemeentelijke herindeling per 01-01-2021
Gemeentelijke herindeling per 01-01-1997
Begindatum voor 1830";;;;;;;;;;;;;;;;;;
GM1895;Oldambt;Ontstaan per 01-01-2010;;;;;;;;;;;;;;;;;;
GM0269;Oldebroek;Begindatum voor 1830;;;;;;;;;;;;;;;;;;
GM0173;Oldenzaal;Begindatum voor 1830;;;;;;;;;;;;;;;;;;
GM1773;Olst-Wijhe;Naamswijziging per 26-03-2002;;;;;;;;;;;;;;;;;;
GM0175;Ommen;Begindatum 01-05-1923;;;;;;;;;;;;;;;;;;
GM1586;Oost Gelre;Naamswijziging per 19-05-2006;;;;;;;;;;;;;;;;;;
GM0826;Oosterhout;Begindatum voor 1830;;;;;;;;;;;;;;;;;;
GM0085;Ooststellingwerf;Begindatum voor 1830;;;;;;;;;;;;;;;;;;
GM0431;Oostzaan;Begindatum voor 1830;;;;;;;;;;;;;;;;;;
GM0432;Opmeer;Begindatum voor 1830;;;;;;;;;;;;;;;;;;
GM0086;Opsterland;Begindatum voor 1830;;;;;;;;;;;;;;;;;;
GM0828;Oss;"Gemeentelijke herindeling per 01-01-2015
Gemeentelijke herindeling per 01-01-2011
Gemeentelijke herindeling per 01-01-2003
Gemeentelijke herindeling per 01-01-1994
Begindatum voor 1830";;;;;;;;;;;;;;;;;;
GM1509;Oude IJsselstreek;Ontstaan per 01-01-2005;;;;;;;;;;;;;;;;;;
GM0437;Ouder-Amstel;Begindatum voor 1830;;;;;;;;;;;;;;;;;;
GM0589;Oudewater;"Provinciale wijziging per 01-09-1970
Begindatum voor 1830";;;;;;;;;;;;;;;;;;
GM1734;Overbetuwe;Ontstaan per 01-01-2001;;;;;;;;;;;;;;;;;;
GM0590;Papendrecht;Begindatum voor 1830;;;;;;;;;;;;;;;;;;
GM1894;Peel en Maas;Ontstaan per 01-01-2010;;;;;;;;;;;;;;;;;;
GM0765;Pekela;Ontstaan per 01-01-1990;;;;;;;;;;;;;;;;;;
GM1926;Pijnacker-Nootdorp;Ontstaan per 01-01-2002;;;;;;;;;;;;;;;;;;
GM0439;Purmerend;"Gemeentelijke herindeling per 01-01-2022
Begindatum voor 1830";;;;;;;;;;;;;;;;;;
GM0273;Putten;Begindatum voor 1830;;;;;;;;;;;;;;;;;;
GM0177;Raalte;"Gemeentelijke herindeling per 01-01-2001
Begindatum voor 1830";;;;;;;;;;;;;;;;;;
GM0703;Reimerswaal;Ontstaan per 01-01-1970;;;;;;;;;;;;;;;;;;
GM0274;Renkum;Begindatum voor 1830;;;;;;;;;;;;;;;;;;
GM0339;Renswoude;Begindatum voor 1830;;;;;;;;;;;;;;;;;;
GM1667;Reusel-De Mierden;Ontstaan per 01-01-1997;;;;;;;;;;;;;;;;;;
GM0275;Rheden;Begindatum voor 1830;;;;;;;;;;;;;;;;;;
GM0340;Rhenen;Begindatum voor 1830;;;;;;;;;;;;;;;;;;
GM0597;Ridderkerk;Begindatum voor 1830;;;;;;;;;;;;;;;;;;
GM1742;Rijssen-Holten;Naamswijziging per 15-03-2003;;;;;;;;;;;;;;;;;;
GM0603;Rijswijk (ZH.);Begindatum voor 1830;;;;;;;;;;;;;;;;;;
GM1669;Roerdalen;"Gemeentelijke herindeling per 01-01-2007
Naamswijziging per 01-01-1993";;;;;;;;;;;;;;;;;;
GM0957;Roermond;"Gemeentelijke herindeling per 01-01-2007
Gemeentelijke herindeling per 01-01-1991
Begindatum 02-01-1839";;;;;;;;;;;;;;;;;;
GM0736;De Ronde Venen;"Gemeentelijke herindeling per 01-01-2011
Ontstaan per 01-01-1989";;;;;;;;;;;;;;;;;;
GM1674;Roosendaal;Ontstaan per 01-01-1997;;;;;;;;;;;;;;;;;;
GM0599;Rotterdam;Begindatum voor 1830;;;;;;;;;;;;;;;;;;
GM0277;Rozendaal;Begindatum voor 1830;;;;;;;;;;;;;;;;;;
GM0840;Rucphen;Begindatum voor 1830;;;;;;;;;;;;;;;;;;
GM0441;Schagen;"Gemeentelijke herindeling per 01-01-2013
Begindatum voor 1830";;;;;;;;;;;;;;;;;;
GM0279;Scherpenzeel;Begindatum voor 1830;;;;;;;;;;;;;;;;;;
GM0606;Schiedam;Begindatum voor 1830;;;;;;;;;;;;;;;;;;
GM0088;Schiermonnikoog;Begindatum voor 1830;;;;;;;;;;;;;;;;;;
GM1676;Schouwen-Duiveland;Ontstaan per 01-01-1997;;;;;;;;;;;;;;;;;;
GM0965;Simpelveld;Begindatum 02-01-1839;;;;;;;;;;;;;;;;;;
GM0845;Sint-Michielsgestel;"Gemeentelijke herindeling per 01-01-1996
Begindatum voor 1830";;;;;;;;;;;;;;;;;;
GM1883;Sittard-Geleen;Ontstaan per 01-01-2001;;;;;;;;;;;;;;;;;;
GM0610;Sliedrecht;Begindatum voor 1830;;;;;;;;;;;;;;;;;;
GM1714;Sluis;Ontstaan per 01-01-2003;;;;;;;;;;;;;;;;;;
GM0090;Smallingerland;Begindatum voor 1830;;;;;;;;;;;;;;;;;;
GM0342;Soest;Begindatum voor 1830;;;;;;;;;;;;;;;;;;
GM0847;Someren;Begindatum voor 1830;;;;;;;;;;;;;;;;;;
GM0848;Son en Breugel;Begindatum voor 1830;;;;;;;;;;;;;;;;;;
GM0037;Stadskanaal;Ontstaan per 01-01-1969;;;;;;;;;;;;;;;;;;
GM0180;Staphorst;Begindatum voor 1830;;;;;;;;;;;;;;;;;;
GM0532;Stede Broec;Ontstaan per 01-01-1979;;;;;;;;;;;;;;;;;;
GM0851;Steenbergen;"Gemeentelijke herindeling per 01-01-1997
Naamswijziging per 25-06-1962";;;;;;;;;;;;;;;;;;
GM1708;Steenwijkerland;Naamswijziging per 01-01-2003;;;;;;;;;;;;;;;;;;
GM0971;Stein (L.);Begindatum 02-01-1839;;;;;;;;;;;;;;;;;;
GM1904;Stichtse Vecht;Ontstaan per 01-01-2011;;;;;;;;;;;;;;;;;;
GM1900;Súdwest-Fryslân;"Gemeentelijke herindeling per 01-01-2018
Ontstaan per 01-01-2011";;;;;;;;;;;;;;;;;;
GM0715;Terneuzen;"Gemeentelijke herindeling per 01-01-2003
Begindatum voor 1830";;;;;;;;;;;;;;;;;;
GM0093;Terschelling;"Provinciale wijziging per 01-09-1942
Begindatum voor 1830";;;;;;;;;;;;;;;;;;
GM0448;Texel;Begindatum voor 1830;;;;;;;;;;;;;;;;;;
GM1525;Teylingen;Ontstaan per 01-01-2006;;;;;;;;;;;;;;;;;;
GM0716;Tholen;"Gemeentelijke herindeling per 01-01-1995
Begindatum voor 1830";;;;;;;;;;;;;;;;;;
GM0281;Tiel;Begindatum voor 1830;;;;;;;;;;;;;;;;;;
GM0855;Tilburg;"Gemeentelijke herindeling per 01-01-2021
Gemeentelijke herindeling per 01-01-1997
Begindatum voor 1830";;;;;;;;;;;;;;;;;;
GM0183;Tubbergen;Begindatum voor 1830;;;;;;;;;;;;;;;;;;
GM1700;Twenterand;Naamswijziging per 01-06-2002;;;;;;;;;;;;;;;;;;
GM1730;Tynaarlo;Naamswijziging per 01-12-1999;;;;;;;;;;;;;;;;;;
GM0737;Tytsjerksteradiel;Naamswijziging per 01-01-1989;;;;;;;;;;;;;;;;;;
GM0450;Uitgeest;Begindatum voor 1830;;;;;;;;;;;;;;;;;;
GM0451;Uithoorn;Begindatum voor 1830;;;;;;;;;;;;;;;;;;
GM0184;Urk;"Provinciale wijziging per 01-01-1986
Begindatum voor 1830";;;;;;;;;;;;;;;;;;
GM0344;Utrecht (gemeente);"Gemeentelijke herindeling per 01-01-2001
Begindatum voor 1830";;;;;;;;;;;;;;;;;;
GM1581;Utrechtse Heuvelrug;Ontstaan per 01-01-2006;;;;;;;;;;;;;;;;;;
GM0981;Vaals;Begindatum 02-01-1839;;;;;;;;;;;;;;;;;;
GM0994;Valkenburg aan de Geul;Ontstaan per 01-01-1982;;;;;;;;;;;;;;;;;;
GM0858;Valkenswaard;Begindatum voor 1830;;;;;;;;;;;;;;;;;;
GM0047;Veendam;Begindatum voor 1830;;;;;;;;;;;;;;;;;;
GM0345;Veenendaal;Begindatum voor 1830;;;;;;;;;;;;;;;;;;
GM0717;Veere;"Gemeentelijke herindeling per 01-01-1997
Begindatum voor 1830";;;;;;;;;;;;;;;;;;
GM0861;Veldhoven;Naamswijziging per 01-05-1921;;;;;;;;;;;;;;;;;;
GM0453;Velsen;Begindatum voor 1830;;;;;;;;;;;;;;;;;;
GM0983;Venlo;"Gemeentelijke herindeling per 01-01-2010
Gemeentelijke herindeling per 01-01-2001
Begindatum 02-01-1839";;;;;;;;;;;;;;;;;;
GM0984;Venray;Begindatum 02-01-1839;;;;;;;;;;;;;;;;;;
GM1961;Vijfheerenlanden;"Provinciale wijziging per 01-01-2019
Ontstaan per 01-01-2019";;;;;;;;;;;;;;;;;;
GM0622;Vlaardingen;Begindatum voor 1830;;;;;;;;;;;;;;;;;;
GM0096;Vlieland;"Provinciale wijziging per 01-09-1942
Begindatum voor 1830";;;;;;;;;;;;;;;;;;
GM0718;Vlissingen;Begindatum voor 1830;;;;;;;;;;;;;;;;;;
GM0986;Voerendaal;Begindatum 02-01-1839;;;;;;;;;;;;;;;;;;
GM1992;Voorne aan Zee;Ontstaan per 01-01-2023;;;;;;;;;;;;;;;;;;
GM0626;Voorschoten;Begindatum voor 1830;;;;;;;;;;;;;;;;;;
GM0285;Voorst;Begindatum voor 1830;;;;;;;;;;;;;;;;;;
GM0865;Vught;"Gemeentelijke herindeling per 01-01-2021
Begindatum voor 1830";;;;;;;;;;;;;;;;;;
GM1949;Waadhoeke;Ontstaan per 01-01-2018;;;;;;;;;;;;;;;;;;
GM0866;Waalre;Begindatum voor 1830;;;;;;;;;;;;;;;;;;
GM0867;Waalwijk;"Gemeentelijke herindeling per 01-01-1997
Begindatum voor 1830";;;;;;;;;;;;;;;;;;
GM0627;Waddinxveen;Begindatum 01-07-1870;;;;;;;;;;;;;;;;;;
GM0289;Wageningen;Begindatum voor 1830;;;;;;;;;;;;;;;;;;
GM0629;Wassenaar;Begindatum voor 1830;;;;;;;;;;;;;;;;;;
GM0852;Waterland;Ontstaan per 01-01-1991;;;;;;;;;;;;;;;;;;
GM0988;Weert;"Gemeentelijke herindeling per 01-01-1998
Begindatum 02-01-1839";;;;;;;;;;;;;;;;;;
GM1960;West Betuwe;Ontstaan per 01-01-2019;;;;;;;;;;;;;;;;;;
GM0668;West Maas en Waal;Naamswijziging per 01-07-1985;;;;;;;;;;;;;;;;;;
GM1969;Westerkwartier;Ontstaan per 01-01-2019;;;;;;;;;;;;;;;;;;
GM1701;Westerveld;Ontstaan per 01-01-1998;;;;;;;;;;;;;;;;;;
GM0293;Westervoort;Begindatum voor 1830;;;;;;;;;;;;;;;;;;
GM1950;Westerwolde;Ontstaan per 01-01-2018;;;;;;;;;;;;;;;;;;
GM1783;Westland;Ontstaan per 01-01-2004;;;;;;;;;;;;;;;;;;
GM0098;Weststellingwerf;Begindatum voor 1830;;;;;;;;;;;;;;;;;;
GM0189;Wierden;Begindatum voor 1830;;;;;;;;;;;;;;;;;;
GM0296;Wijchen;Begindatum voor 1830;;;;;;;;;;;;;;;;;;
GM1696;Wijdemeren;Ontstaan per 01-01-2002;;;;;;;;;;;;;;;;;;
GM0352;Wijk bij Duurstede;"Gemeentelijke herindeling per 01-01-1996
Begindatum voor 1830";;;;;;;;;;;;;;;;;;
GM0294;Winterswijk;Begindatum voor 1830;;;;;;;;;;;;;;;;;;
GM0873;Woensdrecht;"Gemeentelijke herindeling per 01-01-1997
Begindatum voor 1830";;;;;;;;;;;;;;;;;;
GM0632;Woerden;"Gemeentelijke herindeling per 01-01-2001
Provinciale wijziging per 01-01-1989
Begindatum voor 1830";;;;;;;;;;;;;;;;;;
GM1690;De Wolden;Ontstaan per 01-01-1998;;;;;;;;;;;;;;;;;;
GM0880;Wormerland;Ontstaan per 01-01-1991;;;;;;;;;;;;;;;;;;
GM0351;Woudenberg;Begindatum voor 1830;;;;;;;;;;;;;;;;;;
GM0479;Zaanstad;Ontstaan per 01-01-1974;;;;;;;;;;;;;;;;;;
GM0297;Zaltbommel;"Gemeentelijke herindeling per 01-01-1999
Begindatum voor 1830";;;;;;;;;;;;;;;;;;
GM0473;Zandvoort;Begindatum voor 1830;;;;;;;;;;;;;;;;;;
GM0050;Zeewolde;Ontstaan per 01-01-1984;;;;;;;;;;;;;;;;;;
GM0355;Zeist;Begindatum voor 1830;;;;;;;;;;;;;;;;;;
GM0299;Zevenaar;"Gemeentelijke herindeling per 01-01-2018
Gemeentelijke herindeling per 01-01-2005
Begindatum voor 1830";;;;;;;;;;;;;;;;;;
GM0637;Zoetermeer;Begindatum voor 1830;;;;;;;;;;;;;;;;;;
GM0638;Zoeterwoude;Begindatum voor 1830;;;;;;;;;;;;;;;;;;
GM1892;Zuidplas;Ontstaan per 01-01-2010;;;;;;;;;;;;;;;;;;
GM0879;Zundert;"Gemeentelijke herindeling per 01-01-1997
Begindatum voor 1830";;;;;;;;;;;;;;;;;;
GM0301;Zutphen;"Gemeentelijke herindeling per 01-01-2005
Begindatum voor 1830";;;;;;;;;;;;;;;;;;
GM1896;Zwartewaterland;Ontstaan per 01-01-2001;;;;;;;;;;;;;;;;;;
GM0642;Zwijndrecht;"Gemeentelijke herindeling per 01-01-2003
Begindatum voor 1830";;;;;;;;;;;;;;;;;;
GM0193;Zwolle;Begindatum voor 1830;;;;;;;;;;;;;;;;;;
GM0998;Buitenland;Begindatum voor 1830;;;;;;;;;;;;;;;;;;
GM0999;"Gemeenten; niet in te delen";Door een gebrek aan informatie of door onjuiste informatie is een toedeling aan een bepaalde gemeente niet altijd mogelijk.;;;;;;;;;;;;;;;;;;
RE01  ;Noord-Nederland (RE);"RE = Regionale eenheid

De indeling in regionale eenheden is ingevoerd per 1 januari 2013 en berust op de Politiewet 2012. Nederland telt 10 regionale eenheden.";;;;;;;;;;;;;;;;;;
RE02  ;Oost-Nederland (RE);"RE = Regionale eenheid

De indeling in regionale eenheden is ingevoerd per 1 januari 2013 en berust op de Politiewet 2012. Nederland telt 10 regionale eenheden.";;;;;;;;;;;;;;;;;;
RE03  ;Midden-Nederland (RE);"RE = Regionale eenheid

De indeling in regionale eenheden is ingevoerd per 1 januari 2013 en berust op de Politiewet 2012. Nederland telt 10 regionale eenheden.";;;;;;;;;;;;;;;;;;
RE04  ;Noord-Holland (RE);"RE = Regionale eenheid

De indeling in regionale eenheden is ingevoerd per 1 januari 2013 en berust op de Politiewet 2012. Nederland telt 10 regionale eenheden.";;;;;;;;;;;;;;;;;;
RE05  ;Amsterdam (RE);"RE = Regionale eenheid

De indeling in regionale eenheden is ingevoerd per 1 januari 2013 en berust op de Politiewet 2012. Nederland telt 10 regionale eenheden.";;;;;;;;;;;;;;;;;;
RE06  ;Den Haag (RE);"RE = Regionale eenheid

De indeling in regionale eenheden is ingevoerd per 1 januari 2013 en berust op de Politiewet 2012. Nederland telt 10 regionale eenheden.";;;;;;;;;;;;;;;;;;
RE07  ;Rotterdam (RE);"RE = Regionale eenheid

De indeling in regionale eenheden is ingevoerd per 1 januari 2013 en berust op de Politiewet 2012. Nederland telt 10 regionale eenheden.";;;;;;;;;;;;;;;;;;
RE08  ;Zeeland - West-Brabant (RE);"RE = Regionale eenheid

De indeling in regionale eenheden is ingevoerd per 1 januari 2013 en berust op de Politiewet 2012. Nederland telt 10 regionale eenheden.";;;;;;;;;;;;;;;;;;
RE09  ;Oost-Brabant (RE);"RE = Regionale eenheid

De indeling in regionale eenheden is ingevoerd per 1 januari 2013 en berust op de Politiewet 2012. Nederland telt 10 regionale eenheden.";;;;;;;;;;;;;;;;;;
RE10  ;Limburg (RE);"RE = Regionale eenheid

De indeling in regionale eenheden is ingevoerd per 1 januari 2013 en berust op de Politiewet 2012. Nederland telt 10 regionale eenheden.";;;;;;;;;;;;;;;;;;
RE99  ;Niet in te delen (RE);"RE = Regionale eenheid

De indeling in regionale eenheden is ingevoerd per 1 januari 2013 en berust op de Politiewet 2012. Nederland telt 10 regionale eenheden.

Niet in te delen: door een gebrek aan informatie of door onjuiste informatie is een toedeling aan een bepaalde regionale eenheid niet altijd mogelijk.";;;;;;;;;;;;;;;;;;
Perioden;;;;;;;;;;;;;;;;;;;;
Key;Title;Description;Status;;;;;;;;;;;;;;;;;
2012MM01;2012 januari;;Definitief;;;;;;;;;;;;;;;;;
2012MM02;2012 februari;;Definitief;;;;;;;;;;;;;;;;;
2012MM03;2012 maart;;Definitief;;;;;;;;;;;;;;;;;
2012MM04;2012 april;;Definitief;;;;;;;;;;;;;;;;;
2012MM05;2012 mei;;Definitief;;;;;;;;;;;;;;;;;
2012MM06;2012 juni;;Definitief;;;;;;;;;;;;;;;;;
2012MM07;2012 juli;;Definitief;;;;;;;;;;;;;;;;;
2012MM08;2012 augustus;;Definitief;;;;;;;;;;;;;;;;;
2012MM09;2012 september;;Definitief;;;;;;;;;;;;;;;;;
2012MM10;2012 oktober;;Definitief;;;;;;;;;;;;;;;;;
2012MM11;2012 november;;Definitief;;;;;;;;;;;;;;;;;
2012MM12;2012 december;;Definitief;;;;;;;;;;;;;;;;;
2012JJ00;2012;;Definitief;;;;;;;;;;;;;;;;;
2013MM01;2013 januari;;Definitief;;;;;;;;;;;;;;;;;
2013MM02;2013 februari;;Definitief;;;;;;;;;;;;;;;;;
2013MM03;2013 maart;;Definitief;;;;;;;;;;;;;;;;;
2013MM04;2013 april;;Definitief;;;;;;;;;;;;;;;;;
2013MM05;2013 mei;;Definitief;;;;;;;;;;;;;;;;;
2013MM06;2013 juni;;Definitief;;;;;;;;;;;;;;;;;
2013MM07;2013 juli;;Definitief;;;;;;;;;;;;;;;;;
2013MM08;2013 augustus;;Definitief;;;;;;;;;;;;;;;;;
2013MM09;2013 september;;Definitief;;;;;;;;;;;;;;;;;
2013MM10;2013 oktober;;Definitief;;;;;;;;;;;;;;;;;
2013MM11;2013 november;;Definitief;;;;;;;;;;;;;;;;;
2013MM12;2013 december;;Definitief;;;;;;;;;;;;;;;;;
2013JJ00;2013;;Definitief;;;;;;;;;;;;;;;;;
2014MM01;2014 januari;;Definitief;;;;;;;;;;;;;;;;;
2014MM02;2014  februari;;Definitief;;;;;;;;;;;;;;;;;
2014MM03;2014 maart;;Definitief;;;;;;;;;;;;;;;;;
2014MM04;2014 april;;Definitief;;;;;;;;;;;;;;;;;
2014MM05;2014 mei;;Definitief;;;;;;;;;;;;;;;;;
2014MM06;2014 juni;;Definitief;;;;;;;;;;;;;;;;;
2014MM07;2014 juli;;Definitief;;;;;;;;;;;;;;;;;
2014MM08;2014 augustus;;Definitief;;;;;;;;;;;;;;;;;
2014MM09;2014 september ;;Definitief;;;;;;;;;;;;;;;;;
2014MM10;2014 oktober;;Definitief;;;;;;;;;;;;;;;;;
2014MM11;2014 november;;Definitief;;;;;;;;;;;;;;;;;
2014MM12;2014 december;;Definitief;;;;;;;;;;;;;;;;;
2014JJ00;2014;;Definitief;;;;;;;;;;;;;;;;;
2015MM01;2015 januari;;Definitief;;;;;;;;;;;;;;;;;
2015MM02;2015  februari;;Definitief;;;;;;;;;;;;;;;;;
2015MM03;2015 maart;;Definitief;;;;;;;;;;;;;;;;;
2015MM04;2015 april;;Definitief;;;;;;;;;;;;;;;;;
2015MM05;2015 mei;;Definitief;;;;;;;;;;;;;;;;;
2015MM06;2015 juni;;Definitief;;;;;;;;;;;;;;;;;
2015MM07;2015 juli;;Definitief;;;;;;;;;;;;;;;;;
2015MM08;2015 augustus;;Definitief;;;;;;;;;;;;;;;;;
2015MM09;2015 september;;Definitief;;;;;;;;;;;;;;;;;
2015MM10;2015 oktober;;Definitief;;;;;;;;;;;;;;;;;
2015MM11;2015 november;;Definitief;;;;;;;;;;;;;;;;;
2015MM12;2015 december;;Definitief;;;;;;;;;;;;;;;;;
2015JJ00;2015;;Definitief;;;;;;;;;;;;;;;;;
2016MM01;2016 januari;;Definitief;;;;;;;;;;;;;;;;;
2016MM02;2016  februari;;Definitief;;;;;;;;;;;;;;;;;
2016MM03;2016 maart;;Definitief;;;;;;;;;;;;;;;;;
2016MM04;2016 april;;Definitief;;;;;;;;;;;;;;;;;
2016MM05;2016 mei;;Definitief;;;;;;;;;;;;;;;;;
2016MM06;2016 juni;;Definitief;;;;;;;;;;;;;;;;;
2016MM07;2016 juli;;Definitief;;;;;;;;;;;;;;;;;
2016MM08;2016 augustus;;Definitief;;;;;;;;;;;;;;;;;
2016MM09;2016 september;;Definitief;;;;;;;;;;;;;;;;;
2016MM10;2016 oktober;;Definitief;;;;;;;;;;;;;;;;;
2016MM11;2016 november;;Definitief;;;;;;;;;;;;;;;;;
2016MM12;2016 december;;Definitief;;;;;;;;;;;;;;;;;
2016JJ00;2016;;Definitief;;;;;;;;;;;;;;;;;
2017MM01;2017 januari;;Definitief;;;;;;;;;;;;;;;;;
2017MM02;2017 februari;;Definitief;;;;;;;;;;;;;;;;;
2017MM03;2017 maart;;Definitief;;;;;;;;;;;;;;;;;
2017MM04;2017 april;;Definitief;;;;;;;;;;;;;;;;;
2017MM05;2017 mei;;Definitief;;;;;;;;;;;;;;;;;
2017MM06;2017 juni;;Definitief;;;;;;;;;;;;;;;;;
2017MM07;2017 juli;;Definitief;;;;;;;;;;;;;;;;;
2017MM08;2017 augustus;;Definitief;;;;;;;;;;;;;;;;;
2017MM09;2017 september;;Definitief;;;;;;;;;;;;;;;;;
2017MM10;2017 oktober;;Definitief;;;;;;;;;;;;;;;;;
2017MM11;2017 november;;Definitief;;;;;;;;;;;;;;;;;
2017MM12;2017 december;;Definitief;;;;;;;;;;;;;;;;;
2017JJ00;2017;;Definitief;;;;;;;;;;;;;;;;;
2018MM01;2018 januari ;;Definitief;;;;;;;;;;;;;;;;;
2018MM02;2018 februari;;Definitief;;;;;;;;;;;;;;;;;
2018MM03;2018 maart;;Definitief;;;;;;;;;;;;;;;;;
2018MM04;2018 april;;Definitief;;;;;;;;;;;;;;;;;
2018MM05;2018 mei;;Definitief;;;;;;;;;;;;;;;;;
2018MM06;2018 juni;;Definitief;;;;;;;;;;;;;;;;;
2018MM07;2018 juli;;Definitief;;;;;;;;;;;;;;;;;
2018MM08;2018 augustus;;Definitief;;;;;;;;;;;;;;;;;
2018MM09;2018 september;;Definitief;;;;;;;;;;;;;;;;;
2018MM10;2018 oktober;;Definitief;;;;;;;;;;;;;;;;;
2018MM11;2018 november;;Definitief;;;;;;;;;;;;;;;;;
2018MM12;2018 december;;Definitief;;;;;;;;;;;;;;;;;
2018JJ00;2018;;Definitief;;;;;;;;;;;;;;;;;
2019MM01;2019 januari;;Definitief;;;;;;;;;;;;;;;;;
2019MM02;2019 februari;;Definitief;;;;;;;;;;;;;;;;;
2019MM03;2019 maart;;Definitief;;;;;;;;;;;;;;;;;
2019MM04;2019 april;;Definitief;;;;;;;;;;;;;;;;;
2019MM05;2019 mei;;Definitief;;;;;;;;;;;;;;;;;
2019MM06;2019 juni;;Definitief;;;;;;;;;;;;;;;;;
2019MM07;2019 juli;;Definitief;;;;;;;;;;;;;;;;;
2019MM08;2019 augustus;;Definitief;;;;;;;;;;;;;;;;;
2019MM09;2019 september;;Definitief;;;;;;;;;;;;;;;;;
2019MM10;2019 oktober;;Definitief;;;;;;;;;;;;;;;;;
2019MM11;2019 november;;Definitief;;;;;;;;;;;;;;;;;
2019MM12;2019 december;;Definitief;;;;;;;;;;;;;;;;;
2019JJ00;2019;;Definitief;;;;;;;;;;;;;;;;;
2020MM01;2020 januari;;Definitief;;;;;;;;;;;;;;;;;
2020MM02;2020 februari;;Definitief;;;;;;;;;;;;;;;;;
2020MM03;2020 maart;;Definitief;;;;;;;;;;;;;;;;;
2020MM04;2020 april;;Definitief;;;;;;;;;;;;;;;;;
2020MM05;2020 mei;;Definitief;;;;;;;;;;;;;;;;;
2020MM06;2020 juni;;Definitief;;;;;;;;;;;;;;;;;
2020MM07;2020 juli;;Definitief;;;;;;;;;;;;;;;;;
2020MM08;2020 augustus;;Definitief;;;;;;;;;;;;;;;;;
2020MM09;2020 september;;Definitief;;;;;;;;;;;;;;;;;
2020MM10;2020 oktober;;Definitief;;;;;;;;;;;;;;;;;
2020MM11;2020 november;;Definitief;;;;;;;;;;;;;;;;;
2020MM12;2020 december;;Definitief;;;;;;;;;;;;;;;;;
2020JJ00;2020;;Definitief;;;;;;;;;;;;;;;;;
2021MM01;2021 januari;;Definitief;;;;;;;;;;;;;;;;;
2021MM02;2021 februari;;Definitief;;;;;;;;;;;;;;;;;
2021MM03;2021 maart;;Definitief;;;;;;;;;;;;;;;;;
2021MM04;2021 april;;Definitief;;;;;;;;;;;;;;;;;
2021MM05;2021 mei;;Definitief;;;;;;;;;;;;;;;;;
2021MM06;2021 juni;;Definitief;;;;;;;;;;;;;;;;;
2021MM07;2021 juli;;Definitief;;;;;;;;;;;;;;;;;
2021MM08;2021 augustus;;Definitief;;;;;;;;;;;;;;;;;
2021MM09;2021 september;;Definitief;;;;;;;;;;;;;;;;;
2021MM10;2021 oktober;;Definitief;;;;;;;;;;;;;;;;;
2021MM11;2021  november;;Definitief;;;;;;;;;;;;;;;;;
2021MM12;2021 december;;Definitief;;;;;;;;;;;;;;;;;
2021JJ00;2021;;Definitief;;;;;;;;;;;;;;;;;
2022MM01;2022 januari;;Definitief;;;;;;;;;;;;;;;;;
2022MM02;2022 februari;;Definitief;;;;;;;;;;;;;;;;;
2022MM03;2022 maart;;Definitief;;;;;;;;;;;;;;;;;
2022MM04;2022 april;;Definitief;;;;;;;;;;;;;;;;;
2022MM05;2022 mei;;Definitief;;;;;;;;;;;;;;;;;
2022MM06;2022 juni;;Definitief;;;;;;;;;;;;;;;;;
2022MM07;2022 juli;;Definitief;;;;;;;;;;;;;;;;;
2022MM08;2022 augustus;;Definitief;;;;;;;;;;;;;;;;;
2022MM09;2022 september;;Definitief;;;;;;;;;;;;;;;;;
2022MM10;2022 oktober;;Definitief;;;;;;;;;;;;;;;;;
2022MM11;2022 november;;Definitief;;;;;;;;;;;;;;;;;
2022MM12;2022 december;;Definitief;;;;;;;;;;;;;;;;;
2022JJ00;2022;;Definitief;;;;;;;;;;;;;;;;;
2023MM01;2023 januari;;Definitief;;;;;;;;;;;;;;;;;
2023MM02;2023 februari;;Definitief;;;;;;;;;;;;;;;;;
2023MM03;2023 maart;;Definitief;;;;;;;;;;;;;;;;;
2023MM04;2023 april;;Definitief;;;;;;;;;;;;;;;;;
2023MM05;2023 mei;;Definitief;;;;;;;;;;;;;;;;;
2023MM06;2023 juni;;Definitief;;;;;;;;;;;;;;;;;
2023MM07;2023 juli;;Definitief;;;;;;;;;;;;;;;;;
2023MM08;2023 augustus;;Definitief;;;;;;;;;;;;;;;;;
2023MM09;2023 september;;Definitief;;;;;;;;;;;;;;;;;
2023MM10;2023 oktober;;Definitief;;;;;;;;;;;;;;;;;
2023MM11;2023 november;;Definitief;;;;;;;;;;;;;;;;;
2023MM12;2023 december;;Definitief;;;;;;;;;;;;;;;;;
2023JJ00;2023;;Definitief;;;;;;;;;;;;;;;;;
2024MM01;2024 januari;;Definitief;;;;;;;;;;;;;;;;;
2024MM02;2024 februari;;Definitief;;;;;;;;;;;;;;;;;
2024MM03;2024 maart;;Definitief;;;;;;;;;;;;;;;;;
2024MM04;2024 april;;Definitief;;;;;;;;;;;;;;;;;
2024MM05;2024 mei;;Definitief;;;;;;;;;;;;;;;;;
2024MM06;2024 juni;;Definitief;;;;;;;;;;;;;;;;;
2024MM07;2024 juli;;Definitief;;;;;;;;;;;;;;;;;
2024MM08;2024 augustus;;Definitief;;;;;;;;;;;;;;;;;
2024MM09;2024 september;;Definitief;;;;;;;;;;;;;;;;;
2024MM10;2024 oktober;;Definitief;;;;;;;;;;;;;;;;;
2024MM11;2024 november;;Definitief;;;;;;;;;;;;;;;;;
2024MM12;2024 december;;Definitief;;;;;;;;;;;;;;;;;
2024JJ00;2024;;Definitief;;;;;;;;;;;;;;;;;
2025MM01;2025 januari;;Definitief;;;;;;;;;;;;;;;;;
2025MM02;2025 februari;;Definitief;;;;;;;;;;;;;;;;;
2025MM03;2025 maart;;Definitief;;;;;;;;;;;;;;;;;
2025MM04;2025 april;;Definitief;;;;;;;;;;;;;;;;;
2025MM05;2025 mei;;Definitief;;;;;;;;;;;;;;;;;
2025MM06;2025 juni;;Definitief;;;;;;;;;;;;;;;;;
2025MM07;2025 juli;;Definitief;;;;;;;;;;;;;;;;;
2025MM08;2025 augustus;;Definitief;;;;;;;;;;;;;;;;;
2025MM09;2025 september;;Definitief;;;;;;;;;;;;;;;;;
2025MM10;2025 oktober;;Definitief;;;;;;;;;;;;;;;;;
2025MM11;2025 november;;Definitief;;;;;;;;;;;;;;;;;
